0 26 00 00 00 00 00 00 00
8 30 3A 00 00 
12 39 37 38 2D 32 2D 31 32 33 34 35 36 38 30 2D 33
28 45 6c 20 51 75 69 6a 6f 74 65 7C
39 43 61 74 65 64 72 61 
46 24 00 00 00 00 00 00 00 
54 30 39 00 00 
58 39 37 38 2D 32 2D 31 32 33 34 35 30 38 36 2D 33
74 4C 61 20 62 75 73 63 61 7C
83 43 61 74 65 64 72 61
91 26 00 00 00 00 00 00 00
99 30 3B 00 00
103 39 37 38 2d 32 2d 31 32 33 34 35 36 38 30 2d 34
119 65 6c 20 71 75 69 6a 6f 74 65 7C
130 63 61 74 65 64 72 61
137 24 00 00 00 00 00 00 00
145 30 3C 00 00
149 39 37 38 2d 32 2d 31 32 33 34 35 30 38 36 2d 33
165 6c 61 20 62 75 73 63 61 7C
174 63 61 74 65 64 72 61

